207
312
349
331
204
320
233
329
310
188
260
279
201
222
316
358
242
202
252
249
235
337
256
262
345
271
230
319
223
229
343
251
269
285
265
340
236
192
328
298
315
254
294
293
225
323
205
232
195
276
355
199
206
304
231
194
330
220
215
200
348
342
253
295
203
290
259
274
283
210
193
317
325
339
356
352
263
313
245
335
296
237
306
357
303
277
244
297
300
246
311
351
347
275
299
324
257
212
268
292
234
346
309
284
326
189
333
218
250
248
243
288
278
216
241
211
318
332
359
308
