029
057
119
133
118
009
186
183
185
160
054
048
040
032
162
079
099
039
126
139
053
004
078
112
108
090
036
068
063
095
135
129
179
087
015
027
017
130
142
001
035
016
168
141
028
153
150
152
065
091
014
114
030
177
093
038
076
178
052
100
122
146
023
156
044
155
059
171
175
034
170
070
049
148
085
072
045
116
020
147
163
124
082
018
137
117
106
081
164
184
043
003
167
176
010
055
157
140
166
075
098
022
109
145
066
005
080
123
083
180
084
143
105
046
056
089
158
101
174
104
121
011
134
151
069
107
181
136
062
138
097
